	Bcells	CAFs	CD4_Tcells	CD8_Tcells	Endothelial	Macrophages	NKcells	otherCells
TCGA-02-0047-01A	0.002461959	0.007170579	0.108016678	0.020581395	0.059996923	0.000301947	1.54E-09	0.801470518
TCGA-02-0055-01A	0.001483533	0.008941477	0.149420906	0.015634601	0.061855121	0.000198411	1.96E-09	0.76246595
TCGA-02-2483-01A	0.003185137	0.009900012	0.094319661	0.024697163	0.047067509	0.000283871	9.39E-09	0.820546638
TCGA-02-2485-01A	0.002677716	0.010382846	0.109942894	0.023099477	0.040000384	0.000420544	9.53E-09	0.81347613
TCGA-02-2486-01A	0.002964181	0.007717925	0.069827466	0.014179224	0.074189079	0.000131713	9.25E-10	0.830990412
TCGA-04-1331-01A	0.00055125	0.00832861	0.166209626	0.007977937	0.013877443	0.00018803	1.11E-09	0.802867102
TCGA-04-1332-01A	0.000187224	0.005773518	0.1060777	0.010800577	0.017082154	0.00014696	8.03E-10	0.859931866
TCGA-04-1338-01A	0.001739516	0.005066284	0.093228607	0.057671402	0.023631388	5.13E-05	3.17E-09	0.818611467
TCGA-04-1341-01A	0.002402416	0.009437099	0.170154643	0.089152652	0.052118618	1.21E-07	1.19E-08	0.676734439
TCGA-04-1343-01A	9.46E-08	0.008051224	0.140690951	0.014130194	0.024338335	5.40E-05	7.37E-10	0.812735162
TCGA-04-1347-01A	0.000124165	0.016126352	0.123039255	0.008108018	0.018093075	0.000117778	5.41E-07	0.834390815
TCGA-04-1350-01A	0.000127811	0.005978832	0.14632044	0.011508599	0.012504551	3.41E-05	1.09E-07	0.823525524
TCGA-04-1356-01A	5.24E-08	0.018770115	0.146058002	0.011519288	0.01628766	0.000183092	3.33E-06	0.807178459
TCGA-04-1357-01A	0.001662738	0.005235834	0.111281545	0.048473275	0.06670452	0.000104869	5.09E-10	0.766537219
TCGA-04-1361-01A	0.001500173	0.016297644	0.093710106	0.007722452	0.044770851	9.21E-05	3.80E-10	0.835906626
TCGA-04-1362-01A	0.002207398	0.006524817	0.162520125	0.008718076	0.023461191	0.000192754	4.76E-10	0.796375637
TCGA-04-1364-01A	5.89E-07	0.010915089	0.20044899	0.01856335	0.026661194	0.000150939	1.54E-08	0.743259832
TCGA-04-1365-01A	2.04E-07	0.017423577	0.172010347	0.01429662	0.048338479	0.000261915	2.34E-08	0.747668834
TCGA-04-1514-01A	0.000946325	0.017556145	0.292285824	0.022892588	0.040278239	0.000510356	5.56E-08	0.625530468
TCGA-04-1519-01A	9.79E-06	0.005253523	0.205842382	0.014246408	0.019154614	0.000251721	1.27E-08	0.755241551
TCGA-04-1530-01A	1.68E-08	0.005521493	0.156129543	0.011233689	0.041046563	5.27E-05	1.08E-09	0.786015957
TCGA-04-1536-01A	6.60E-07	0.016269625	0.105511426	0.013581177	0.012262016	0.000160962	1.74E-09	0.852214133
TCGA-04-1542-01A	1.37E-07	0.004595383	0.309254377	0.01204638	0.028026686	3.01E-05	1.17E-09	0.646046926
TCGA-04-1648-01A	0.000124773	0.016031127	0.165948945	0.012654682	0.033172628	0.000264703	1.46E-10	0.771803142
TCGA-04-1651-01A	0.000652177	0.004051303	0.082762118	0.006552177	0.015031173	0.000126488	3.87E-09	0.890824561
TCGA-04-1655-01A	2.15E-07	0.006233937	0.149138815	0.00985684	0.014951741	0.000147839	2.40E-08	0.819670589
TCGA-05-4244-01A	8.43E-05	0.008278355	0.287144968	0.025392679	0.032705892	0.000381349	1.96E-09	0.646012494
TCGA-05-4249-01A	0.001431124	0.007903355	0.234074134	0.082026428	0.089207117	0.00055474	1.23E-09	0.5848031
TCGA-05-4250-01A	0.001249827	0.012803584	0.30247744	0.045537252	0.061587282	0.00030508	1.73E-09	0.576039533
TCGA-05-4382-01A	0.008221069	0.011466917	0.306392504	0.288246651	0.105037926	5.80E-05	8.22E-09	0.280576883
TCGA-05-4384-01A	0.001231153	0.010725384	0.198004461	0.026702613	0.058398283	0.000264145	1.56E-10	0.704673961
TCGA-05-4389-01A	0.001408709	0.041814699	0.25885689	0.083830204	0.069468026	0.000357608	2.41E-09	0.54426386
TCGA-05-4390-01A	0.007443783	0.011285428	0.290332133	0.259729082	0.11310393	6.13E-05	1.12E-08	0.318044373
TCGA-05-4395-01A	0.000161	0.012954594	0.249529597	0.02522808	0.029377244	0.000239402	1.47E-09	0.682510081
TCGA-05-4396-01A	0.001674597	0.003463101	0.170930007	0.020889586	0.020107158	0.000678466	7.59E-10	0.782257083
TCGA-05-4397-01A	0.001990511	0.016846144	0.254710746	0.041131216	0.037868314	0.000440218	8.29E-09	0.647012843
TCGA-05-4398-01A	0.005854156	0.011301867	0.287615823	0.16023338	0.071675763	0.000969852	1.58E-09	0.462349157
TCGA-05-4402-01A	0.001370645	0.013743148	0.226519297	0.074229703	0.069578271	0.000250685	3.27E-09	0.614308247
TCGA-05-4403-01A	0.001841541	0.006893546	0.145655499	0.013546994	0.044780746	0.000501474	1.68E-09	0.786780198
TCGA-05-4405-01A	1.37E-05	0.00618564	0.264764944	0.040097625	0.042946601	0.000393475	3.37E-08	0.64559799
TCGA-05-4410-01A	0.00222083	0.00445193	0.159116639	0.090149432	0.061542103	0.000299665	2.71E-09	0.682219398
TCGA-05-4415-01A	0.0044077	0.007420784	0.253245467	0.102547427	0.03328464	0.000947339	3.36E-09	0.598146639
TCGA-05-4417-01A	0.014113406	0.00578964	0.270210905	0.40055594	0.136393398	7.16E-05	1.95E-08	0.172865051
TCGA-05-4418-01A	0.005417441	0.011628629	0.147494939	0.150144425	0.059302024	0.000130991	3.85E-09	0.625881547
TCGA-05-4420-01A	0.001825626	0.016328586	0.15076837	0.028100182	0.105133645	0.000372727	3.33E-09	0.697470861
TCGA-05-4422-01A	0.005463535	0.011898761	0.153939384	0.096645812	0.078476321	0.000311851	1.19E-08	0.653264325
TCGA-05-4424-01A	1.17E-06	0.011083843	0.219499235	0.109573829	0.052674317	0.000563038	4.63E-09	0.606604567
TCGA-05-4425-01A	0.001301657	0.012507373	0.177699581	0.015130242	0.077526299	0.000437918	1.11E-09	0.715396931
TCGA-05-4426-01A	0.000632865	0.00495426	0.210100975	0.018959244	0.034744344	0.000333893	3.68E-10	0.730274419
TCGA-05-4427-01A	0.003840037	0.006020244	0.200347278	0.041241312	0.038955583	0.000806792	3.50E-09	0.708788752
TCGA-05-4430-01A	0.004696306	0.015364719	0.31373205	0.172981223	0.080742756	0.000988517	3.84E-09	0.411494425
TCGA-05-4432-01A	0.01007336	0.019911274	0.292326709	0.310377543	0.102537745	0.000364881	1.32E-08	0.264408475
TCGA-05-4433-01A	0.000643212	0.005399816	0.198344232	0.014128412	0.04840665	0.000322107	3.72E-09	0.732755567
TCGA-05-4434-01A	0.005116984	0.009766291	0.202873364	0.104150672	0.079707997	0.000508961	2.20E-08	0.597875708
TCGA-05-5420-01A	0.007344603	0.012314946	0.057960911	0.19409896	0.070255468	0.000230781	2.85E-09	0.657794327
TCGA-05-5423-01A	0.004971629	0.017715019	0.085403938	0.045969584	0.094036963	0.000236588	1.68E-09	0.751666277
TCGA-05-5425-01A	0.019872703	0.013286205	0.281643178	0.540979417	0.144216535	6.35E-07	9.22E-09	1.32E-06
TCGA-05-5428-01A	0.004561736	0.036767948	0.162759671	0.036536107	0.030435997	0.000185411	4.92E-09	0.728753126
TCGA-05-5429-01A	0.007106201	0.013327012	0.139622207	0.04204469	0.053387276	0.000572377	3.82E-08	0.743940198
TCGA-05-5715-01A	1.10E-07	0.012389676	0.201882634	0.02310948	0.057252923	0.000165237	3.23E-07	0.705199617
TCGA-06-0125-01A	0.00059062	0.006500135	0.187243784	0.025709496	0.032256133	0.000363948	7.33E-09	0.747335875
TCGA-06-0125-02A	0.000185896	0.004289315	0.156105742	0.016655705	0.033982039	0.000307226	1.19E-09	0.788474075
TCGA-06-0129-01A	0.001734312	0.007352112	0.107973451	0.033651233	0.068881252	0.001074813	6.71E-09	0.779332821
TCGA-06-0130-01A	0.003376513	0.005128274	0.133121088	0.021969387	0.09476883	0.000360095	1.59E-09	0.741275811
TCGA-06-0132-01A	0.001408331	0.006261586	0.081843235	0.030173359	0.074050255	0.000259217	7.77E-10	0.806004016
TCGA-06-0138-01A	0.003328939	0.012185472	0.075118751	0.017446815	0.062988778	0.000136063	7.25E-09	0.828795174
TCGA-06-0139-01A	0.002293176	0.006307329	0.082419778	0.02095839	0.143645264	9.42E-05	7.10E-10	0.744281902
TCGA-06-0141-01A	0.001446279	0.005339062	0.077484545	0.013426439	0.054184103	7.92E-05	5.78E-10	0.848040411
TCGA-06-0152-02A	0.00194561	0.00661784	0.159064945	0.026509908	0.058709777	0.000333933	1.15E-09	0.746817987
TCGA-06-0156-01A	0.002485996	0.016051261	0.124354792	0.028178869	0.062182706	0.000448963	8.24E-09	0.766297404
TCGA-06-0157-01A	0.003078045	0.009251133	0.078738694	0.019917778	0.043138296	0.00037011	4.14E-09	0.845505941
TCGA-06-0158-01A	0.001327569	0.006988409	0.167262734	0.021516039	0.057002498	0.000259154	3.78E-08	0.745643561
TCGA-06-0168-01A	0.001134848	0.009696051	0.127454394	0.017598643	0.057237222	0.000140969	3.79E-09	0.786737869
TCGA-06-0171-02A	0.000788552	0.002535058	0.103349579	0.013218369	0.141537616	0.000252923	2.96E-10	0.738317903
TCGA-06-0174-01A	0.001347883	0.010158331	0.158395262	0.03173569	0.054262867	0.000385783	1.39E-08	0.74371417
TCGA-06-0178-01A	0.00429198	0.023742284	0.045750769	0.021003399	0.045242854	0.000185964	0.000538845	0.859243905
TCGA-06-0184-01A	0.001800282	0.005209985	0.065619406	0.015368244	0.068357534	0.000123052	3.85E-09	0.843521494
TCGA-06-0187-01A	0.00237209	0.008692613	0.12089915	0.020178557	0.03966483	0.000249705	4.55E-09	0.80794305
TCGA-06-0190-01A	0.000383958	0.007139181	0.189650328	0.022857813	0.061733418	0.000189135	3.90E-09	0.718046163
TCGA-06-0190-02A	0.000420531	0.007049178	0.173075773	0.025915032	0.05958695	0.000342475	3.52E-10	0.733610061
TCGA-06-0210-01A	0.001950901	0.005571739	0.11243396	0.016088981	0.055460771	0.000161351	6.00E-10	0.808332295
TCGA-06-0210-02A	0.00044258	0.005737077	0.12384817	0.019147312	0.078189311	0.000281106	3.65E-09	0.77235444
TCGA-06-0211-01A	1.33E-07	0.009639205	0.170431373	0.023932746	0.049613007	0.000227887	3.79E-09	0.746155646
TCGA-06-0211-01B	0.001673693	0.011616142	0.175007176	0.0270203	0.039119137	0.000390868	3.92E-09	0.745172681
TCGA-06-0211-02A	0.001847238	0.008444551	0.11745719	0.025003705	0.055444118	0.000266245	8.73E-10	0.791536952
TCGA-06-0219-01A	0.003768141	0.022168572	0.074954029	0.018129376	0.04007202	0.00015288	1.20E-08	0.840754971
TCGA-06-0221-02A	0.003021143	0.006526076	0.103268797	0.028506442	0.022266638	0.000721644	5.46E-08	0.835689206
TCGA-06-0238-01A	0.003967602	0.010701118	0.068239736	0.023901855	0.101996941	0.000128803	5.04E-09	0.791063941
TCGA-06-0644-01A	0.000698252	0.008825095	0.196187904	0.020118441	0.050179056	0.000231537	2.09E-09	0.723759713
TCGA-06-0645-01A	0.000700471	0.008255339	0.134616288	0.018638358	0.096098672	3.42E-05	4.48E-09	0.741656636
TCGA-06-0646-01A	0.000787738	0.00787406	0.154931318	0.019919633	0.056083475	0.000301771	1.67E-08	0.760101988
TCGA-06-0649-01B	0.002020804	0.010503931	0.08744501	0.018159624	0.053729042	0.00010214	4.46E-10	0.828039448
TCGA-06-0675-11A	0.000897884	0.003031556	0.072954007	0.012486113	0.012440515	0.000471417	4.43E-09	0.897718503
TCGA-06-0678-11A	0.000674416	0.003873501	0.07503799	0.01442593	0.011915468	0.000459691	1.26E-09	0.893613003
TCGA-06-0680-11A	0.000961327	0.003836527	0.076770192	0.014805865	0.011153166	0.000547829	1.79E-09	0.891925093
TCGA-06-0681-11A	0.000669305	0.004796199	0.071195196	0.012008991	0.011602495	0.000402481	2.44E-09	0.89932533
TCGA-06-0686-01A	0.002286665	0.008831325	0.121572658	0.028314312	0.139094377	0.000110117	2.32E-09	0.699790544
TCGA-06-0743-01A	0.000928	0.012916362	0.107236349	0.012873678	0.034280215	0.000100881	2.86E-09	0.831664512
TCGA-06-0744-01A	0.00209945	0.01350776	0.09423764	0.016138219	0.038678507	0.000111619	3.25E-09	0.835226801
TCGA-06-0745-01A	0.000763842	0.015981782	0.167065333	0.02116409	0.064331642	5.85E-05	6.79E-09	0.730634828
TCGA-06-0747-01A	0.002214257	0.010941361	0.196805657	0.020593279	0.030617089	0.000234278	5.46E-09	0.738594074
TCGA-06-0749-01A	0.001698953	0.011144572	0.071448567	0.011532113	0.058917441	4.35E-05	2.42E-09	0.845214818
TCGA-06-0750-01A	0.001828495	0.00813206	0.107428609	0.012323421	0.045805031	6.53E-05	5.51E-09	0.82441704
TCGA-06-0878-01A	0.001640208	0.006757182	0.168130974	0.023120208	0.047794775	0.00022844	1.78E-10	0.752328212
TCGA-06-0882-01A	0.002070114	0.006677923	0.143289826	0.016055527	0.052284	0.000164659	1.23E-08	0.779457938
TCGA-06-1804-01A	0.003962685	0.014701133	0.087960473	0.022133671	0.04242389	0.000269804	2.47E-09	0.828548341
TCGA-06-2557-01A	0.002779379	0.012292595	0.091410182	0.038423652	0.07913318	0.000416223	1.25E-08	0.775544775
TCGA-06-2558-01A	0.003148373	0.01123065	0.140185677	0.028738351	0.065475346	0.000511067	3.22E-10	0.750710536
TCGA-06-2559-01A	0.002027743	0.009082155	0.141919174	0.03187704	0.043030308	0.000809988	8.73E-10	0.771253591
TCGA-06-2561-01A	0.001044153	0.004671101	0.09736627	0.020475351	0.043396862	0.000326019	5.88E-09	0.832720239
TCGA-06-2562-01A	0.007302192	0.006556495	0.10791439	0.018730618	0.038922797	0.000262869	1.32E-09	0.820310638
TCGA-06-2563-01A	0.002118795	0.010714806	0.205580661	0.024014749	0.041275047	0.000169059	7.53E-09	0.716126877
TCGA-06-2564-01A	0.002621791	0.006419693	0.121934968	0.024127663	0.048842795	0.000481991	6.70E-11	0.795571099
TCGA-06-2565-01A	0.003926156	0.008169915	0.16314263	0.028212367	0.041383404	0.000374063	7.04E-10	0.754791465
TCGA-06-2567-01A	0.00398876	0.021210666	0.131073396	0.022775825	0.060289026	0.000487439	3.57E-09	0.760174885
TCGA-06-2569-01A	0.007402451	0.012124279	0.175177323	0.029158967	0.061432898	0.000954974	1.11E-08	0.713749097
TCGA-06-2570-01A	0.003263406	0.008008583	0.131646126	0.027807063	0.074700295	0.000368619	2.22E-10	0.754205908
TCGA-06-5408-01A	0.003174419	0.008224785	0.177284145	0.027397069	0.046714786	0.000376612	1.29E-08	0.736828171
TCGA-06-5410-01A	0.001796707	0.007743278	0.122135644	0.016372828	0.120743372	9.09E-05	8.74E-10	0.73111723
TCGA-06-5411-01A	0.007675548	0.011360606	0.083990636	0.023326385	0.041350511	0.000376662	5.89E-09	0.831919647
TCGA-06-5412-01A	1.15E-06	0.007440927	0.14145078	0.017616433	0.074745779	0.000188445	2.51E-08	0.758556455
TCGA-06-5413-01A	0.004316829	0.014827732	0.127028738	0.027803669	0.06321497	0.000337727	8.81E-09	0.762470327
TCGA-06-5414-01A	0.000416679	0.009087169	0.214803592	0.022384905	0.051446931	0.00026996	1.30E-09	0.701590762
TCGA-06-5416-01A	0.002538088	0.013088979	0.137612669	0.033033712	0.02282642	0.000508732	2.66E-10	0.790391399
TCGA-06-5417-01A	0.007721209	0.006956825	0.124549158	0.039737142	0.028557829	0.000399672	1.39E-07	0.792078026
TCGA-06-5418-01A	0.001263061	0.012497796	0.130269628	0.020335311	0.043222488	0.000291192	1.85E-09	0.792120522
TCGA-06-5856-01A	0.002076205	0.012546609	0.126670923	0.025854345	0.045570744	0.000152378	2.57E-08	0.787128769
TCGA-06-5858-01A	0.001933267	0.006549857	0.149943199	0.02266873	0.049229721	0.000328137	2.29E-09	0.769347087
TCGA-06-5859-01A	0.00401186	0.009288054	0.153027046	0.026164313	0.052917496	0.000504035	6.06E-09	0.754087189
TCGA-06-AABW-11A	0.004286649	0.005495951	0.127541249	0.017043605	0.02221545	0.000418016	1.74E-09	0.822999078
TCGA-08-0386-01A	0.003514183	0.009627196	0.161321709	0.023335607	0.028438167	0.000293386	6.48E-10	0.773469752
TCGA-09-0364-01A	3.30E-05	0.008679485	0.228463384	0.024950843	0.018113128	0.000529776	1.91E-09	0.719230404
TCGA-09-0366-01A	0.000824517	0.006511204	0.152705018	0.01566277	0.107418164	6.08E-05	1.05E-07	0.716817375
TCGA-09-0367-01A	6.61E-08	0.01051484	0.139215666	0.010177032	0.024809662	4.63E-05	7.06E-10	0.815236435
TCGA-09-0369-01A	0.000102955	0.019394111	0.267816076	0.015910632	0.041582702	9.61E-05	9.35E-10	0.655097397
TCGA-09-1659-01B	0.000932104	0.005563244	0.146360475	0.011435542	0.033249976	3.67E-05	2.28E-09	0.802421977
TCGA-09-1661-01B	7.58E-08	0.004948689	0.135816337	0.006921468	0.014619101	0.000119842	5.13E-10	0.837574486
TCGA-09-1662-01A	7.90E-06	0.010935521	0.260055155	0.015829234	0.03905416	2.84E-05	2.95E-10	0.674089585
TCGA-09-1665-01B	0.001721432	0.017077331	0.105399894	0.013476432	0.021644607	0.000195589	1.80E-09	0.840484714
TCGA-09-1666-01A	0.00152105	0.01006434	0.190935841	0.01347395	0.042909806	9.77E-05	6.46E-10	0.740997323
TCGA-09-1667-01C	1.37E-06	0.007077104	0.234360176	0.026228415	0.028635488	0.000157231	2.85E-10	0.70354022
TCGA-09-1668-01B	0.000198936	0.005734751	0.207833322	0.010548857	0.031710728	0.000245141	1.87E-09	0.743728263
TCGA-09-1669-01A	0.00903339	0.01472686	0.261922589	0.2092756	0.063307121	3.76E-05	3.07E-08	0.441696829
TCGA-09-1670-01A	1.88E-05	0.006306711	0.194258185	0.01660424	0.027538487	0.000413836	7.23E-10	0.754859698
TCGA-09-1673-01A	0.002517984	0.003514485	0.122322451	0.025080853	0.055592738	0.000380005	1.03E-08	0.790591473
TCGA-09-2044-01B	0.000501464	0.024032267	0.210214367	0.024039981	0.031635804	1.90E-05	1.40E-09	0.70955713
TCGA-09-2045-01A	6.71E-05	0.006597509	0.204683364	0.010427689	0.023608995	0.000495361	1.93E-09	0.75411994
TCGA-09-2048-01A	0.00197384	0.020451598	0.140289709	0.028513597	0.185732872	2.07E-06	1.30E-08	0.623036296
TCGA-09-2051-01A	3.79E-06	0.011383612	0.251045612	0.024542638	0.032998249	0.000560838	2.47E-09	0.67946526
TCGA-09-2053-01C	0.000929198	0.010601808	0.12521931	0.032392535	0.032144015	0.000241014	6.81E-11	0.79847212
TCGA-09-2054-01A	0.001400057	0.004640969	0.208696306	0.036427866	0.106990432	0.000329596	1.41E-09	0.641514774
TCGA-09-2056-01B	0.001402429	0.013189206	0.103200266	0.027342577	0.024097806	0.000227065	2.60E-09	0.830540649
TCGA-10-0927-01A	0.000475616	0.004385661	0.1237371	0.011385293	0.011073154	9.88E-05	3.61E-07	0.848844013
TCGA-10-0928-01A	0.000102801	0.008292516	0.176317382	0.007782265	0.035801084	0.000192003	4.18E-10	0.771511949
TCGA-10-0931-01A	0.000121763	0.027100539	0.113113837	0.005806196	0.023550051	5.02E-05	3.46E-09	0.830257406
TCGA-10-0933-01A	0.001427668	0.006665071	0.099013026	0.011472663	0.014796867	5.66E-05	3.39E-09	0.866568095
TCGA-10-0936-01A	1.16E-05	0.009663682	0.165368355	0.008362334	0.031641048	9.19E-05	5.41E-12	0.784861103
TCGA-10-0937-01A	5.19E-05	0.017443867	0.132360669	0.007415313	0.024253866	1.09E-05	4.50E-11	0.818463553
TCGA-10-0938-01A	0.00059454	0.007356523	0.117122797	0.015286491	0.022847213	7.16E-05	6.73E-10	0.836720877
TCGA-12-0616-01A	0.003005699	0.014147635	0.090772265	0.02420746	0.060825004	0.000263316	1.23E-07	0.806778497
TCGA-12-0618-01A	0.005780694	0.010097054	0.124404454	0.026720425	0.037405928	0.000404938	1.12E-09	0.795186506
TCGA-12-0619-01A	0.001832874	0.011418919	0.129074546	0.017456383	0.053498727	0.000222249	2.09E-09	0.786496301
TCGA-12-0821-01A	0.001507363	0.012155617	0.195449606	0.024908547	0.034538268	0.000211847	1.17E-09	0.731228751
TCGA-12-1597-01B	0.003088224	0.012872246	0.077554016	0.018578547	0.04793708	0.000292737	7.23E-09	0.839677144
TCGA-12-3650-01A	0.003037655	0.019776188	0.088769253	0.030097659	0.055807353	0.000346693	8.48E-09	0.802165191
TCGA-12-3652-01A	0.000865959	0.025226268	0.142041928	0.022972715	0.029542048	0.000203086	1.02E-09	0.779147995
TCGA-12-3653-01A	2.20E-07	0.01452077	0.254616103	0.026468076	0.041861532	0.000171038	4.01E-09	0.662362257
TCGA-12-5295-01A	0.00333944	0.030226077	0.130127077	0.02007052	0.052724462	0.000109844	7.24E-09	0.763402574
TCGA-12-5299-01A	0.004253129	0.010681174	0.114983862	0.02148723	0.043337345	0.000294459	5.47E-09	0.804962795
TCGA-13-0714-01A	9.81E-09	0.012897541	0.079291765	0.003477885	0.014557247	1.00E-05	6.38E-08	0.889765455
TCGA-13-0720-01A	0.000822059	0.005275621	0.112509299	0.010600597	0.010564936	0.000277474	2.44E-09	0.859950012
TCGA-13-0724-01A	3.22E-06	0.027979736	0.113513989	0.010366712	0.03493747	0.000117572	3.10E-09	0.813081293
TCGA-13-0725-01A	0.001100557	0.016881055	0.102226215	0.019140836	0.042448864	2.30E-05	1.17E-08	0.818179463
TCGA-13-0726-01A	0.000189965	0.010149257	0.138367135	0.002852466	0.019858485	0.00016248	2.25E-09	0.82842021
TCGA-13-0727-01A	1.90E-07	0.009048693	0.125716823	0.011716219	0.02411489	0.000302574	3.25E-09	0.829100608
TCGA-13-0730-01A	0.001432691	0.008651725	0.142660136	0.023589404	0.029259795	0.000264877	7.11E-09	0.794141365
TCGA-13-0762-01A	1.19E-06	0.002767532	0.107393543	0.011858114	0.065278189	8.10E-05	5.91E-10	0.812620471
TCGA-13-0765-01A	0.001262262	0.007937457	0.056439576	0.010423354	0.018688627	3.87E-05	3.42E-09	0.905209999
TCGA-13-0766-01A	0.000349198	0.024817053	0.128226862	0.011017704	0.027940475	0.000152151	3.63E-09	0.807496552
TCGA-13-0768-01A	0.001091394	0.012449793	0.115933871	0.035617779	0.046216944	0.00024135	4.05E-10	0.788448868
TCGA-13-0795-01A	9.13E-07	0.007447824	0.071835933	0.0092886	0.049170831	0.000239318	2.95E-10	0.862016581
TCGA-13-0797-01A	0.000240852	0.014783778	0.140263561	0.014439793	0.021411974	0.000174542	9.16E-09	0.80868549
TCGA-13-0800-01A	0.001237261	0.008979306	0.186340532	0.014300835	0.053187111	0.000318891	5.33E-09	0.735636059
TCGA-13-0804-01A	7.26E-08	0.010383495	0.097538277	0.010164014	0.040387305	5.54E-06	8.23E-10	0.841521292
TCGA-13-0883-01A	0.001142265	0.007888244	0.277244696	0.019388902	0.037484164	0.000326881	1.78E-09	0.656524847
TCGA-13-0884-01B	4.06E-05	0.006306426	0.11438922	0.008370591	0.022055227	8.32E-05	1.27E-09	0.848754676
TCGA-13-0885-01A	2.12E-05	0.006247757	0.131559426	0.006421814	0.032699617	2.66E-05	8.39E-10	0.823023604
TCGA-13-0886-01A	0.000326565	0.006738984	0.082416097	0.009299955	0.022765506	0.000105985	3.75E-10	0.878346908
TCGA-13-0887-01A	1.02E-07	0.004480449	0.134384173	0.01135965	0.037405661	0.000193516	4.17E-09	0.812176444
TCGA-13-0888-01A	0.000572676	0.005016162	0.095509106	0.006826181	0.014203712	0.000156004	1.06E-09	0.877716158
TCGA-13-0891-01A	0.000511969	0.00352831	0.063917372	0.025590652	0.010990356	0.000153356	3.77E-10	0.895307985
TCGA-13-0893-01B	2.28E-09	0.00630972	0.306241321	0.01611194	0.032446841	2.36E-05	6.26E-10	0.638866559
TCGA-13-0897-01A	1.29E-05	0.015937743	0.21804606	0.005857679	0.036432422	0.000200732	2.05E-09	0.723512499
TCGA-13-0900-01B	1.41E-09	0.009123699	0.12199515	0.00608406	0.014829117	0.000121765	5.47E-09	0.847846202
TCGA-13-0901-01B	0.000258656	0.018360038	0.147263459	0.010144273	0.015145935	4.06E-05	7.94E-09	0.808787
TCGA-13-0905-01B	0.000613955	0.010474905	0.156521336	0.017097119	0.071637974	5.56E-05	6.06E-11	0.743599099
TCGA-13-0906-01A	0.001184862	0.008074863	0.196402102	0.013966099	0.017030897	0.000177927	7.26E-10	0.763163248
TCGA-13-0908-01B	6.23E-05	0.009435604	0.217444519	0.011908695	0.053147609	0.000170958	9.72E-10	0.707830364
TCGA-13-0911-01A	0.002577922	0.008657805	0.119891562	0.039823772	0.071313473	1.31E-05	4.58E-09	0.757722324
TCGA-13-0913-02A	0.004271867	0.045342922	0.04548993	0.013220984	0.044251772	7.61E-05	5.33E-08	0.847346355
TCGA-13-0916-01A	2.07E-05	0.013874871	0.292323317	0.019910953	0.041596197	4.60E-06	3.74E-10	0.632269319
TCGA-13-0920-01A	0.000873541	0.01133821	0.210893534	0.048679671	0.023468026	0.000167022	4.62E-09	0.704579992
TCGA-13-0923-01A	4.24E-06	0.006219633	0.174215053	0.014024102	0.022152145	0.000272835	1.09E-09	0.783111991
TCGA-13-0924-01A	2.07E-06	0.013743396	0.184056878	0.020510177	0.114476772	3.89E-07	1.51E-05	0.667195231
TCGA-13-1403-01A	0.000331423	0.006099651	0.16268237	0.007943185	0.031763237	0.000143782	1.61E-09	0.79103635
TCGA-13-1404-01A	0.002244933	0.013681028	0.104037656	0.019444936	0.027563129	0.000100675	4.69E-10	0.832927644
TCGA-13-1405-01A	0.000122481	0.005860703	0.16437219	0.027904855	0.032796389	0.000201699	2.79E-09	0.768741679
TCGA-13-1407-01A	0.00024064	0.009670978	0.115014427	0.012468217	0.01793353	0.000202256	6.03E-09	0.844469946
TCGA-13-1408-01A	0.005802922	0.010453173	0.188709231	0.131170305	0.039897249	0.000855764	7.40E-09	0.623111347
TCGA-13-1409-01A	0.000327846	0.005509726	0.212440918	0.012115238	0.030164833	0.000585581	1.17E-09	0.738855858
TCGA-13-1410-01A	7.80E-05	0.004589647	0.189598966	0.01734539	0.029676891	0.001323736	2.17E-10	0.757387383
TCGA-13-1411-01A	0.002540105	0.006649428	0.201501496	0.126444889	0.06301824	1.84E-05	8.34E-09	0.599827408
TCGA-13-1477-01A	0.000416932	0.011102016	0.137182425	0.00220373	0.012459329	6.06E-05	3.15E-09	0.836574958
TCGA-13-1483-01A	0.000831747	0.017078902	0.208630914	0.007678906	0.027845979	6.22E-05	1.47E-08	0.737871307
TCGA-13-1485-01A	1.00E-05	0.005079569	0.142330902	0.009354944	0.018807673	0.000202183	1.45E-09	0.824214727
TCGA-13-1487-01A	0.001146923	0.004691519	0.120365085	0.005654786	0.014776043	3.90E-05	3.28E-09	0.85332665
TCGA-13-1488-01A	0.000553804	0.011411337	0.113111913	0.017645786	0.026198084	4.42E-05	1.84E-09	0.831034884
TCGA-13-1489-01A	0.001601922	0.017232255	0.23551236	0.012797006	0.040007255	8.55E-05	9.96E-10	0.692763723
TCGA-13-1489-02A	0.002412559	0.016089827	0.155603687	0.028515027	0.02397679	7.33E-05	8.55E-09	0.77332885
TCGA-13-1492-01A	0.001387345	0.009061142	0.147899622	0.013555347	0.014106755	0.000152139	1.28E-09	0.813837649
TCGA-13-1495-01A	0.001291302	0.015505011	0.123111216	0.013805904	0.010998779	0.000131581	3.04E-09	0.835156205
TCGA-13-1496-01A	0.000381813	0.01105495	0.104636698	0.020555422	0.022805558	0.00015322	3.57E-09	0.840412335
TCGA-13-1497-01A	7.62E-05	0.008921002	0.171704087	0.016091881	0.0160089	4.44E-05	1.45E-08	0.787153507
TCGA-13-1498-01A	6.79E-05	0.010719823	0.100849166	0.013752838	0.040654985	0.00011925	2.69E-10	0.833835996
TCGA-13-1499-01A	0.008927663	0.006568036	0.205363556	0.212646793	0.081100436	0.000121213	9.00E-10	0.485272302
TCGA-13-1501-01A	0.001099852	0.004485917	0.115699352	0.010742075	0.01396047	9.83E-05	7.65E-10	0.85391399
TCGA-13-1505-01A	0.001965817	0.007905345	0.194827	0.055384013	0.029691033	0.000184722	3.10E-09	0.710042068
TCGA-13-1506-01A	0.002725886	0.006288842	0.168746982	0.030766284	0.018289764	0.000318802	1.18E-09	0.772863439
TCGA-13-1507-01A	0.000841542	0.014153268	0.147178453	0.031633221	0.031538146	0.000116544	6.93E-10	0.774538825
TCGA-13-1509-01A	0.002203458	0.009893496	0.143664936	0.071294299	0.03094301	0.00010606	1.72E-09	0.741894739
TCGA-13-1510-01A	0.001778039	0.013669146	0.083358395	0.015211131	0.017516927	0.000121248	1.19E-09	0.868345113
TCGA-13-1511-01A	0.000396907	0.004901946	0.190417107	0.014635616	0.024008408	0.000309461	7.01E-07	0.765329855
TCGA-13-1512-01A	0.000412096	0.01104184	0.202170019	0.016778002	0.028722663	2.37E-09	1.14E-08	0.740875366
TCGA-13-2060-01A	1.71E-07	0.009514451	0.17315024	0.025269605	0.02775402	0.000383774	3.72E-09	0.763927735
TCGA-13-A5FT-01A	8.59E-06	0.018419777	0.248800981	4.92E-08	0.017939233	0.000151284	1.63E-08	0.714680069
TCGA-14-0736-02A	0.001744392	0.011426174	0.061842585	0.025699483	0.050879879	9.91E-05	2.20E-09	0.8483084
TCGA-14-0781-01B	0.001624673	0.004475129	0.090015582	0.013060809	0.044585195	0.000170016	1.41E-09	0.846068594
TCGA-14-0787-01A	0.005389924	0.011651645	0.096257183	0.02206381	0.040811557	0.000138767	1.37E-08	0.8236871
TCGA-14-0789-01A	0.000467485	0.004621141	0.171784328	0.019199645	0.071054444	0.000157894	2.02E-09	0.732715062
TCGA-14-0790-01B	0.004793466	0.011408208	0.094914754	0.023710884	0.020223475	0.00032248	5.09E-08	0.844626681
TCGA-14-0817-01A	0.003985862	0.016975712	0.059269124	0.019683699	0.073222926	0.000112978	3.32E-08	0.826749665
TCGA-14-0871-01A	0.002532198	0.006411397	0.147343401	0.029755724	0.056028208	0.000241005	6.96E-09	0.757688059
TCGA-14-1034-01A	0.002608431	0.007200153	0.135010114	0.020483224	0.044965209	0.000345173	2.04E-09	0.789387695
TCGA-14-1034-02B	0.006041644	0.011484698	0.155533957	0.032007126	0.029851437	0.000496989	3.66E-07	0.764583784
TCGA-14-1402-02A	0.004926226	0.020194709	0.098729418	0.023964352	0.032761093	0.000297073	2.14E-08	0.819127108
TCGA-14-1823-01A	0.002401825	0.010126803	0.092953386	0.016999687	0.048900385	0.000218885	2.38E-09	0.828399027
TCGA-14-1825-01A	0.002357486	0.013505054	0.10442948	0.030044328	0.050993447	0.000290594	1.64E-08	0.798379593
TCGA-14-1829-01A	0.005764441	0.015232998	0.066228567	0.019933749	0.044697338	0.000184978	1.33E-08	0.847957916
TCGA-14-2554-01A	0.003197242	0.013056835	0.104424392	0.01857917	0.046152268	0.000202043	1.05E-09	0.814388049
TCGA-15-0742-01A	0.000563132	0.01121555	0.161060341	0.018064295	0.029248305	0.000121532	2.33E-08	0.779726822
TCGA-15-1444-01A	0.003298836	0.005718181	0.091834299	0.021277943	0.04866559	0.000299071	3.47E-10	0.828906079
TCGA-16-0846-01A	0.002049128	0.006749323	0.09328597	0.02910416	0.054931429	0.000137781	4.67E-10	0.813742208
TCGA-16-1045-01B	0.000123977	0.005481186	0.146912805	0.018455274	0.07454522	0.000289803	5.84E-10	0.754191734
TCGA-18-3406-01A	0.01473049	0.011048378	0.163709858	0.327199929	0.081136962	1.17E-07	2.41E-08	0.402174242
TCGA-18-3407-01A	0.007231745	0.007686084	0.249520982	0.169931738	0.056046641	0.000172592	1.26E-08	0.509410205
TCGA-18-3408-01A	0.00761596	0.003053532	0.181958497	0.063041353	0.035439505	8.68E-05	1.53E-09	0.708804347
TCGA-18-3409-01A	0.000508107	0.005931441	0.267603036	0.025068105	0.048768557	3.77E-05	2.27E-09	0.652083065
TCGA-18-3410-01A	0.00841843	0.007982184	0.194217268	0.178800669	0.071350633	0.000195091	3.04E-11	0.539035724
TCGA-18-3411-01A	0.001937708	0.016195786	0.216366243	0.032553009	0.033461467	0.000161199	1.60E-06	0.699322986
TCGA-18-3412-01A	0.003152489	0.030675837	0.241996654	0.024627328	0.026388009	6.94E-05	2.34E-10	0.673090326
TCGA-18-3414-01A	0.018447319	0.009613944	0.215672352	0.040427773	0.039974629	0.000423623	1.88E-09	0.675440358
TCGA-18-3415-01A	0.00893998	0.011922336	0.220466914	0.1411302	0.049625728	0.000162829	2.09E-08	0.567751992
TCGA-18-3416-01A	0.002892542	0.025610796	0.233656202	0.029555111	0.046062637	0.000474085	6.49E-10	0.661748627
TCGA-18-3417-01A	0.002006941	0.009367499	0.132006645	0.057779137	0.033048983	0.000171596	2.24E-06	0.765616963
TCGA-18-3419-01A	0.000234825	0.015550501	0.277484353	0.059585094	0.044188709	8.76E-05	2.78E-10	0.602868944
TCGA-18-3421-01A	0.004522075	0.021645403	0.110681984	0.022732608	0.022378049	0.000145045	2.62E-09	0.817894834
TCGA-18-4083-01A	0.001763261	0.010555653	0.249977343	0.132591175	0.04380109	0.000546944	3.57E-10	0.560764534
TCGA-18-4086-01A	0.005324718	0.011412553	0.225384748	0.134587814	0.047084484	0.00023392	2.46E-08	0.575971739
TCGA-18-4721-01A	0.006130045	0.006653813	0.284814201	0.157554251	0.063706872	0.000132999	7.88E-10	0.481007818
TCGA-18-5592-01A	0.000156571	0.008594696	0.296916208	0.040871731	0.028777845	5.43E-05	2.26E-09	0.624628681
TCGA-18-5595-01A	0.00045974	0.017611232	0.305835792	0.015072107	0.01847967	0.000505957	3.69E-10	0.642035501
TCGA-19-0957-02A	0.001891464	0.003801456	0.108538769	0.018808001	0.039351046	0.000350069	1.25E-08	0.827259183
TCGA-19-1389-02A	1.26E-05	0.004042445	0.158841295	0.013346438	0.048141038	8.20E-05	1.40E-10	0.775534119
TCGA-19-1390-01A	0.002928398	0.006643082	0.130516328	0.026594143	0.03857677	0.000754514	2.52E-09	0.793986763
TCGA-19-1787-01B	0.002554449	0.011411687	0.107667507	0.018710586	0.042167631	0.000432297	1.21E-09	0.817055843
TCGA-19-2619-01A	0.00108647	0.005865932	0.160919357	0.02445077	0.031318929	0.000239786	1.33E-09	0.776118756
TCGA-19-2620-01A	0.002270433	0.005304123	0.097944604	0.016656994	0.028194661	0.000157558	4.94E-09	0.849471623
TCGA-19-2624-01A	0.002364925	0.010028905	0.100039965	0.025569049	0.0360412	0.000450171	6.41E-10	0.825505785
TCGA-19-2625-01A	0.000756413	0.006892477	0.132325711	0.015315509	0.027733189	9.21E-05	1.24E-09	0.816884614
TCGA-19-2629-01A	0.001816318	0.00756999	0.131209998	0.019196008	0.057418454	9.12E-05	6.03E-09	0.782697987
TCGA-19-4065-01A	0.0031621	0.008996118	0.125072258	0.022412294	0.053110609	0.000232068	2.61E-10	0.787014552
TCGA-19-4065-02A	0.004086595	0.005370523	0.113090693	0.014917767	0.033089765	0.000218901	3.38E-09	0.829225753
TCGA-19-5960-01A	0.003594013	0.01240193	0.103075943	0.031484386	0.029642415	0.00047724	2.32E-08	0.819324049
TCGA-20-0987-01A	0.000301018	0.007384715	0.136978151	0.029127349	0.066419939	5.18E-09	3.10E-08	0.759788794
TCGA-20-0991-01A	0.012088888	0.005845106	0.205166475	0.354618006	0.12640476	0.000483066	2.28E-09	0.295393697
TCGA-20-1682-01A	0.000679978	0.00889657	0.149869483	0.02934989	0.027070996	8.84E-05	3.36E-10	0.784044698
TCGA-20-1683-01A	0.002446381	0.005818289	0.189532402	0.022610324	0.030611439	0.000467792	4.40E-09	0.748513368
TCGA-20-1686-01A	1.46E-07	0.011826336	0.091430814	0.006494826	0.017521001	0.000181924	2.90E-09	0.872544951
TCGA-20-1687-01A	1.38E-06	0.007070383	0.160213564	0.005379611	0.019039595	0.000128226	1.02E-09	0.808167242
TCGA-21-1070-01A	0.002747253	0.006310146	0.169937241	0.056871171	0.055120267	0.000335562	1.53E-09	0.708678359
TCGA-21-1071-01A	0.003800083	0.006992267	0.23638709	0.044899639	0.036652541	0.000256668	3.76E-08	0.671011674
TCGA-21-1072-01A	0.00174621	0.006623519	0.279790754	0.028529015	0.027641236	9.18E-05	6.17E-10	0.655577467
TCGA-21-1075-01A	0.001529457	0.012791146	0.237947031	0.024381916	0.015646141	0.000235608	2.81E-08	0.707468673
TCGA-21-1076-01A	0.006225611	0.010641889	0.204026363	0.096065649	0.088743587	0.00029286	8.64E-09	0.594004032
TCGA-21-1077-01A	0.004125146	0.017000107	0.208197385	0.101119421	0.046037359	0.00016133	1.93E-09	0.62335925
TCGA-21-1078-01A	0.006545395	0.005914471	0.236294126	0.014579547	0.030639716	0.000382804	8.92E-10	0.705643941
TCGA-21-1079-01A	0.004365051	0.008885857	0.297965054	0.099573466	0.063019221	0.000495383	4.48E-11	0.525695968
TCGA-21-1080-01A	0.001717635	0.013116019	0.241217218	0.03300949	0.031205182	0.000775829	2.51E-09	0.678958625
TCGA-21-1081-01A	1.11E-06	0.011755431	0.313526225	0.000968139	0.02083343	0.000522136	5.89E-10	0.652393531
TCGA-21-1082-01A	0.005067278	0.012517981	0.223911425	0.124658764	0.046570903	0.000209138	1.77E-08	0.587064494
TCGA-21-1083-01A	1.57E-07	0.01003159	0.287170792	0.061003239	0.038305255	0.000634601	1.16E-06	0.602853209
TCGA-21-5782-01A	0.007350893	0.012236342	0.243299377	0.204936144	0.06074593	0.00052776	4.12E-09	0.470903551
TCGA-21-5783-01A	0.001011656	0.006470284	0.23366675	0.033328196	0.031890375	0.000319843	1.50E-08	0.693312881
TCGA-21-5784-01A	0.002348777	0.007668965	0.146977557	0.082018322	0.045085043	6.87E-05	1.68E-07	0.715832503
TCGA-21-5786-01A	2.47E-07	0.011228353	0.75957582	0.065119442	0.056703747	0.000462768	5.63E-07	0.10690906
TCGA-21-5787-01A	0.006305077	0.014589387	0.211676858	0.154015889	0.059850365	0.000186175	1.91E-09	0.553376247
TCGA-21-A5DI-01A	0.000250112	0.005416079	0.195851191	0.013170525	0.016877413	0.000350665	7.42E-11	0.768084014
TCGA-22-0940-01A	0.003996384	0.006363372	0.17512078	0.052000513	0.046853583	0.000266953	2.40E-09	0.715398412
TCGA-22-0944-01A	0.000499064	0.008116055	0.267856955	0.028383991	0.020927666	0.000392777	3.96E-10	0.673823492
TCGA-22-1000-01A	0.00632141	0.006653098	0.182658149	0.143499601	0.075542995	0.000228977	2.85E-09	0.585095766
TCGA-22-1002-01A	0.000891014	0.004369044	0.16808993	0.042011847	0.041808601	0.000180629	8.95E-11	0.742648936
TCGA-22-1005-01A	0.003008405	0.00393354	0.095030525	0.09084491	0.062498731	0.00015798	7.00E-09	0.744525903
TCGA-22-1011-01A	0.009026502	0.002831675	0.181693561	0.224705816	0.076657272	0.000146893	3.44E-08	0.504938246
TCGA-22-1012-01A	2.68E-05	0.010246474	0.254350731	0.02597842	0.028724001	0.000108485	2.56E-09	0.680565057
TCGA-22-1016-01A	0.000189398	0.005633999	0.206424584	0.018994452	0.054695073	0.000607709	2.16E-09	0.713454783
TCGA-22-1017-01A	5.26E-06	0.007074729	0.300854539	0.10077165	0.06598617	0.000442893	4.68E-09	0.524864752
TCGA-22-4591-01A	3.29E-07	0.015860955	0.208865519	0.023996974	0.034581123	0.000460801	2.16E-09	0.716234298
TCGA-22-4593-01A	0.000859223	0.006152038	0.270258165	0.032442519	0.041973444	0.000321441	9.47E-10	0.647993169
TCGA-22-4593-11A	9.02E-06	0.007092006	0.191295464	0.030361665	0.083486129	0.000322352	6.77E-10	0.687433365
TCGA-22-4594-01A	0.017542123	0.01254246	0.193508642	0.443043406	0.115181863	7.43E-05	2.95E-09	0.218107219
TCGA-22-4595-01A	1.80E-07	0.013961468	0.514550957	0.057053963	0.051985975	0.000117595	2.11E-09	0.362329859
TCGA-22-4596-01A	0.002497817	0.004528067	0.147411882	0.082957788	0.079980402	0.000377994	8.36E-10	0.68224605
TCGA-22-4599-01A	0.00621556	0.008523989	0.139342878	0.104111293	0.05731878	0.000107675	8.32E-09	0.684379816
TCGA-22-4601-01A	3.61E-05	0.008923365	0.240335379	0.02490046	0.02741334	0.000125134	6.04E-09	0.698266263
TCGA-22-4604-01A	0.004455907	0.008687983	0.281253969	0.179049853	0.069034951	6.78E-05	6.75E-09	0.45744948
TCGA-22-4605-01A	5.60E-07	0.007081806	0.231779118	0.018245999	0.041636085	2.91E-05	3.46E-09	0.70122731
TCGA-22-4607-01A	0.004100487	0.029159224	0.160474182	0.082723921	0.045666284	2.48E-05	1.63E-08	0.677851105
TCGA-22-4609-01A	0.001881674	0.005304493	0.3132884	0.070744544	0.060956572	0.000322862	2.51E-08	0.54750143
TCGA-22-4609-11A	0.000418044	0.004479516	0.156754075	0.027279031	0.056052578	0.000245846	1.32E-10	0.754770911
TCGA-22-4613-01A	0.014561871	0.013635337	0.35660695	0.357288162	0.103205889	1.51E-06	4.64E-08	0.15470023
TCGA-22-5471-01A	0.000703086	0.01330042	0.208766784	0.069823938	0.040095605	0.000189394	2.00E-08	0.667120753
TCGA-22-5471-11A	0.000959656	0.005169863	0.156390396	0.042107025	0.076488451	8.37E-05	2.48E-09	0.718800937
TCGA-22-5472-01A	0.001484685	0.005668884	0.280865957	0.009019736	0.041670198	0.000432056	1.47E-09	0.660858482
TCGA-22-5472-11A	0.000743532	0.005807843	0.192537381	0.027395465	0.071310305	0.000283029	2.02E-10	0.701922445
TCGA-22-5473-01A	2.46E-07	0.012889698	0.281043984	0.049349549	0.028129004	0.000603985	7.09E-08	0.627983462
TCGA-22-5474-01A	0.004624009	0.006141217	0.234317379	0.140500002	0.068479697	0.0002472	1.88E-09	0.545690493
TCGA-22-5477-01A	1.40E-06	0.009596012	0.513515375	0.032192496	0.040158091	8.99E-09	1.54E-09	0.404536615
TCGA-22-5478-01A	0.010152953	0.015245319	0.317896819	0.310133916	0.093368524	0.000102894	5.40E-09	0.25309957
TCGA-22-5478-11A	0.000194881	0.005630485	0.160772424	0.023413614	0.08110084	0.000333457	2.53E-09	0.728554297
TCGA-22-5479-01A	0.001847378	0.012383077	0.263718535	0.051567736	0.035901793	0.000105616	2.56E-09	0.634475863
TCGA-22-5480-01A	0.002506993	0.005732863	0.290796555	0.059100041	0.055769489	0.000298099	1.15E-09	0.585795959
TCGA-22-5481-01A	0.004163363	0.007900571	0.175761959	0.136556017	0.079361437	0.000562018	5.30E-09	0.59569463
TCGA-22-5481-11A	0.000266476	0.005390096	0.130014827	0.017666659	0.0624729	0.000159358	5.86E-10	0.784029683
TCGA-22-5482-01A	0.005500431	0.008223497	0.253585443	0.022939694	0.017591308	0.000120053	7.65E-10	0.692039574
TCGA-22-5482-11A	0.000621056	0.004764984	0.181790532	0.019360334	0.080579883	0.000207252	7.51E-10	0.712675958
TCGA-22-5483-01A	0.000336461	0.015186863	0.244650228	0.032490062	0.054999479	0.00025383	4.87E-08	0.652083028
TCGA-22-5483-11A	2.80E-07	0.005431611	0.152671781	0.015665261	0.058266955	7.06E-05	2.24E-07	0.767893256
TCGA-22-5485-01A	3.10E-05	0.015382855	0.331253108	0.024419017	0.027356833	0.000230344	1.39E-09	0.60132685
TCGA-22-5489-01A	0.004164303	0.005169777	0.193149817	0.126334195	0.064315329	0.000102812	4.66E-09	0.606763762
TCGA-22-5489-11A	8.42E-05	0.004097899	0.146048305	0.026823981	0.060373124	2.35E-05	2.06E-10	0.762548976
TCGA-22-5491-01A	0.001447913	0.011656524	0.249958387	0.021348257	0.020220299	0.000429491	1.56E-09	0.694939127
TCGA-22-5491-11A	3.56E-08	0.005989695	0.126226897	0.007471299	0.050042733	0.000329143	1.60E-09	0.809940195
TCGA-22-5492-01A	0.007453175	0.007648163	0.258563863	0.187299961	0.080685449	0.000163614	1.91E-09	0.458185775
TCGA-22-A5C4-01A	0.000719158	0.016428321	0.288663605	0.020248057	0.060691805	0.000108027	1.01E-09	0.613141026
TCGA-23-1021-01B	0.000167933	0.003572016	0.113618772	0.006743466	0.022198285	8.77E-05	3.77E-09	0.853611803
TCGA-23-1022-01A	4.04E-07	0.009536075	0.172876262	0.009525111	0.0090765	0.000220528	2.78E-09	0.798765117
TCGA-23-1023-01A	0.000263908	0.007873111	0.129841959	0.011543691	0.026809414	9.43E-05	6.76E-10	0.823573626
TCGA-23-1024-01A	0.001688316	0.014828084	0.18624466	0.017176153	0.016370244	0.000167185	5.65E-09	0.763525353
TCGA-23-1026-01B	4.49E-05	0.010118448	0.156420353	0.013511445	0.033149822	0.000120674	1.69E-09	0.786634356
TCGA-23-1027-01A	0.000109667	0.014794077	0.202270286	0.013344037	0.031405104	6.97E-08	1.05E-09	0.738076758
TCGA-23-1028-01A	0.000346289	0.006783259	0.062560051	0.008826061	0.044937205	5.23E-05	7.59E-10	0.876494846
TCGA-23-1029-01B	2.22E-08	0.005797254	0.278695281	0.015702313	0.033261457	0.000388713	2.01E-09	0.666154957
TCGA-23-1030-01A	1.31E-06	0.004668395	0.198017641	0.008674996	0.025673152	4.11E-05	3.92E-10	0.762923428
TCGA-23-1107-01A	0.000496828	0.007992402	0.160088135	0.056073909	0.033636581	5.92E-05	4.07E-09	0.741652987
TCGA-23-1109-01A	4.54E-07	0.016115542	0.192801363	0.013270304	0.035468522	5.21E-05	8.80E-10	0.742291683
TCGA-23-1110-01A	2.68E-07	0.016349097	0.190151417	0.010316589	0.015986015	0.000180593	4.49E-08	0.767015975
